1 184
1 29
1 31
1 12
1 51
1 102
1 13
1 14
1 15
1 57
1 378
1 859
1 185
1 30
1 37
1 52
1 142
1 195
1 875
1 56
1 66
1 95
1 462
1 497
1 858
1 876
1 879
1 880
2 12
2 15
2 184
2 858
2 51
2 102
2 202
2 14
2 52
2 380
2 746
2 859
2 948
2 285
2 390
2 391
2 442
2 497
2 643
2 856
2 857
2 877
2 864
2 658
3 5
3 6
3 90
3 91
3 119
3 144
3 181
3 399
4 236
4 166
5 552
5 401
5 1297
5 1296
6 99
6 115
6 257
6 258
7 20
7 56
7 57
7 58
7 19
8 48
8 122
8 20
8 58
8 196
8 354
8 360
8 197
8 999
8 1112
8 1005
9 21
9 22
9 550
10 259
10 405
10 302
10 436
10 437
10 438
10 998
10 1011
11 27
11 28
11 262
11 160
11 20
11 263
11 654
12 86
12 194
12 650
12 649
12 652
13 64
13 265
13 65
13 311
14 64
14 65
15 463
15 462
16 266
16 106
16 196
17 106
17 196
18 196
18 197
18 198
19 32
19 67
19 164
19 639
19 715
19 716
19 719
19 1379
19 717
20 87
20 88
20 104
20 267
20 268
20 269
20 270
20 407
20 408
21 271
21 16
21 413
21 414
22 68
23 900
23 902
23 200
23 201
23 601
23 899
23 903
23 593
23 199
23 594
23 901
23 544
23 597
23 749
23 917
23 919
23 1333
23 634
23 687
23 698
23 1290
23 700
23 704
23 705
23 1109
23 1112
23 1141
23 1197
23 1256
23 1259
23 1272
23 1289
24 46
24 47
24 92
25 213
25 212
25 214
25 215
25 216
25 276
25 277
25 426
25 427
26 145
26 611
26 376
26 406
26 565
26 1076
27 224
27 278
27 428
28 224
28 279
29 250
29 514
29 609
29 225
29 793
29 464
29 465
29 612
29 466
30 225
30 464
30 514
30 466
30 609
30 612
30 793
31 776
32 465
32 249
32 777
32 778
32 247
32 250
33 252
33 431
33 141
34 252
34 431
34 672
34 714
34 799
34 800
35 166
35 167
35 132
36 169
36 168
37 173
37 188
37 172
37 97
37 121
37 187
37 242
37 409
37 487
38 24
38 283
38 552
38 272
38 557
38 558
38 553
38 554
38 555
38 556
39 272
39 555
39 24
39 283
39 552
39 79
39 207
39 418
39 557
39 554
39 556
39 505
39 1257
40 24
40 283
40 552
40 272
40 85
40 976
40 557
40 558
40 553
40 554
40 555
40 556
41 288
41 289
41 433
42 468
42 467
42 469
42 470
42 775
43 467
43 468
43 39
43 503
43 775
43 469
44 302
44 436
44 437
45 305
45 570
45 308
45 481
45 338
45 1226
45 1355
45 1185
45 629
45 663
45 798
45 572
46 305
46 338
46 344
46 481
46 84
46 123
46 1185
46 623
46 570
46 798
46 1226
46 629
46 663
46 572
46 1355
47 304
47 306
47 307
47 305
47 629
47 663
47 308
47 309
47 310
47 570
47 798
47 1185
47 1355
47 572
48 439
48 311
48 316
48 440
48 187
48 314
48 315
48 797
48 798
48 794
48 265
49 320
49 478
50 326
50 629
50 21
50 94
50 22
50 306
51 94
51 23
51 105
51 381
51 192
51 326
51 63
51 494
51 629
51 261
52 21
52 22
52 306
52 326
53 296
53 33
53 446
53 447
53 448
53 449
53 208
53 297
53 298
53 299
54 84
54 24
54 101
54 294
54 628
54 661
54 364
54 365
54 560
55 16
55 375
55 460
55 378
55 255
55 271
55 376
55 377
55 562
55 502
56 380
56 749
56 1339
56 14
56 705
56 779
56 780
56 379
56 643
56 686
57 380
57 593
57 746
57 914
57 14
57 379
57 705
57 779
57 780
57 704
57 12
57 15
57 857
57 859
58 788
58 785
58 786
58 787
58 23
58 381
58 382
58 784
58 789
59 788
59 785
59 786
59 787
60 475
60 476
60 527
60 320
60 478
61 565
61 566
61 564
61 1159
61 661
62 566
62 567
62 1084
62 1078
62 1081
63 567
63 564
63 566
64 390
64 391
65 2
65 3
65 128
65 180
65 323
65 324
65 418
65 664
65 629
65 393
65 394
65 659
65 4
65 384
65 1302
66 664
66 629
66 180
66 659
66 660
67 2
67 3
67 664
67 629
67 323
67 324
67 393
67 128
67 180
67 394
67 659
67 389
67 4
67 1302
68 662
68 101
68 460
68 661
68 62
69 458
69 570
69 977
69 62
69 336
70 333
70 568
70 570
70 62
70 101
70 283
70 565
70 24
70 977
70 307
71 569
71 571
71 1355
71 101
71 655
71 1213
71 798
71 572
72 21
72 324
72 630
72 94
72 664
72 304
72 128
72 323
72 663
72 570
72 494
72 305
72 309
72 571
72 655
72 388
72 62
73 332
73 572
73 578
73 573
73 574
73 421
73 25
73 317
73 577
73 401
73 625
73 160
73 1213
73 1304
73 1198
73 655
73 1355
73 68
73 571
73 1252
74 576
74 656
74 575
74 317
74 574
74 578
75 667
75 324
75 378
75 666
75 670
76 378
76 667
76 324
76 666
76 670
76 1391
76 329
77 668
77 666
77 667
77 670
77 329
77 1391
78 588
78 589
78 590
79 597
79 598
79 688
79 708
79 713
80 594
80 597
80 596
80 598
81 672
81 799
82 676
82 677
82 678
82 679
82 205
83 680
83 681
83 682
83 683
84 606
84 406
84 608
84 142
84 294
84 354
84 522
84 962
84 1192
84 1213
84 873
85 608
85 406
85 606
85 710
86 594
86 790
87 606
87 611
87 562
87 50
87 236
87 609
87 612
87 406
88 613
88 614
88 615
88 616
88 617
88 618
89 793
89 794
89 797
89 795
89 796
89 420
90 794
90 797
90 798
90 793
90 796
90 291
90 800
90 1187
90 256
90 311
90 335
90 1364
90 1367
91 252
91 801
91 797
91 799
91 800
91 793
91 794
91 1154
91 672
92 802
92 803
92 808
92 809
92 811
92 804
92 805
92 806
92 253
92 1247
92 807
92 810
92 1243
93 691
94 24
94 283
94 294
94 559
94 689
94 690
94 101
94 1393
94 354
94 1104
94 1161
94 1395
95 283
95 662
96 703
96 704
96 705
96 698
96 699
96 700
96 1289
96 779
96 701
96 702
96 706
96 792
96 1339
97 699
97 700
97 701
97 698
97 1289
97 702
97 703
97 779
97 1339
97 681
98 713
98 708
98 709
98 711
98 712
99 717
99 719
99 1001
99 1379
100 821
100 822
100 824
100 820
100 823
100 825
100 1122
100 1051
100 1121
101 817
101 818
101 819
101 820
101 825
101 824
102 728
102 913
102 910
102 911
103 826
103 828
104 833
104 834
104 835
104 836
104 837
105 848
105 844
105 845
105 846
105 847
106 847
106 846
106 849
106 844
106 845
107 725
107 728
107 729
107 911
107 720
107 75
107 909
108 724
108 726
108 727
108 75
108 909
108 720
108 723
109 860
109 861
109 606
109 980
109 12
110 862
110 863
110 31
110 1174
111 15
111 391
111 864
111 914
111 392
111 627
111 658
112 731
112 730
113 746
113 748
113 749
113 265
114 919
114 916
114 920
114 921
115 51
115 185
115 878
115 874
116 922
116 360
116 605
116 927
116 492
117 360
117 605
118 923
118 924
118 925
119 926
120 829
120 887
120 890
120 885
120 886
120 888
120 889
120 1146
120 891
121 885
121 886
121 1146
121 887
121 888
121 890
121 891
122 931
122 932
122 934
122 935
122 936
122 937
122 938
122 957
122 1131
123 966
123 967
124 967
124 968
124 964
124 965
125 969
125 970
125 971
125 187
125 973
125 173
125 974
125 177
125 972
125 174
125 997
125 176
125 409
125 946
125 992
125 994
125 995